# Created by Octave 4.4.0, Thu Aug 09 00:48:29 2018 GMT <unknown@MSI>
# name: Theta3
# type: matrix
# rows: 2
# columns: 26
 -0.081191031270934619 0.24727649195425155 -1.4437152557367452 1.0657909933147687 1.4581633240206024 -1.4810061412347988 -1.7116194698089107 -1.482104786953389 1.3108635957955943 1.1523372785487414 1.9223225692946597 -0.59905506117749785 -0.41607434020432449 -1.2083400341252679 -0.086657311960698147 -1.2585033991228971 -1.5278880175222838 -0.23939972000726395 1.3066560439564072 1.0097082251600615 1.3279821193565864 1.4996223012965162 1.1365102535647167 -1.5834795564457198 -0.31618526096430588 -0.50085507613828484
 0.21114550283914965 -0.28227670377858211 1.4331032343953631 -1.0806245776476893 -1.4689655508688986 1.4414680026714488 1.7223292456745491 1.490409535633288 -1.3148303294284507 -1.1683272362169654 -1.9522475519579017 0.55710923074315022 0.41479755700658244 1.1948113130272917 0.11035513869734502 1.2516288954422297 1.4890465120773402 0.24601458980935317 -1.3169282513923906 -1.0145719861178404 -1.3248646903276311 -1.5019625408174091 -1.1413896128355709 1.5939549962862241 0.3243227005897264 0.5100879117599435


